mono pinhole calibration...
D = [0.03628566648351717, -0.12846061422580043, -0.0020856187021832517, 0.005592539357832301, 0.0]
K = [906.790295042558, 0.0, 692.0575865789652, 0.0, 905.0724575566559, 420.96460885464836, 0.0, 0.0, 1.0]
R = [1.0, 0.0, 0.0, 0.0, 1.0, 0.0, 0.0, 0.0, 1.0]
P = [886.2943725585938, 0.0, 706.4107861374796, 0.0, 0.0, 908.009765625, 419.85317931859754, 0.0, 0.0, 0.0, 1.0, 0.0]
None
# oST version 5.0 parameters


[image]

width
1280

height
720

[narrow_stereo]

camera matrix
906.790295 0.000000 692.057587
0.000000 905.072458 420.964609
0.000000 0.000000 1.000000

distortion
0.036286 -0.128461 -0.002086 0.005593 0.000000

rectification
1.000000 0.000000 0.000000
0.000000 1.000000 0.000000
0.000000 0.000000 1.000000

projection
886.294373 0.000000 706.410786 0.000000
0.000000 908.009766 419.853179 0.000000
0.000000 0.000000 1.000000 0.000000

