mono pinhole calibration...
D = [0.020261768510878627, -0.07024734009290472, -0.0020753699200177977, 0.003384161390066928, 0.0]
K = [933.1203786373408, 0.0, 687.6781339991467, 0.0, 936.9047944551172, 384.03281115207795, 0.0, 0.0, 1.0]
R = [1.0, 0.0, 0.0, 0.0, 1.0, 0.0, 0.0, 0.0, 1.0]
P = [924.4837036132812, 0.0, 694.1276697093163, 0.0, 0.0, 938.5555419921875, 382.5671131326708, 0.0, 0.0, 0.0, 1.0, 0.0]
None
# oST version 5.0 parameters


[image]

width
1280

height
720

[narrow_stereo]

camera matrix
933.120379 0.000000 687.678134
0.000000 936.904794 384.032811
0.000000 0.000000 1.000000

distortion
0.020262 -0.070247 -0.002075 0.003384 0.000000

rectification
1.000000 0.000000 0.000000
0.000000 1.000000 0.000000
0.000000 0.000000 1.000000

projection
924.483704 0.000000 694.127670 0.000000
0.000000 938.555542 382.567113 0.000000
0.000000 0.000000 1.000000 0.000000


